1705512842692 1498.0877652777779 0
1705512875947 1451.166310763889 0
1705512904738 1436.0289456597222 0
1705512934024 1427.0108159722222 0
1705512962629 1419.8856196180554 0
1705512992616 1413.9471928819444 0
1705513020578 1409.5735041666667 0
1705513049794 1404.2458404513889 0
1705513079707 1398.6193190972222 0
1705513109249 1393.8273659722222 0
1705513140663 1391.2318098958333 0
1705513170335 1387.690278298611 0
1705513200652 1385.1422792534722 0
1705513232246 1382.69275 0
1705513261706 1380.8048933159723 0
