1705514480205 70.7718164984809 0
1705514507117 68.53184342990451 0
1705514533451 67.67414946831597 0
1705514561812 67.20789350043403 0
1705514588814 66.87045394422744 0
1705514617265 66.61108428819445 0
1705514645950 66.37322132703993 0
1705514673220 66.19692827148438 0
1705514700692 66.03364885525174 0
1705514728244 65.91795974392362 0
1705514757053 65.73287779947917 0
1705514785870 65.63987355685764 0
1705514817226 65.57254621310764 0
1705514845445 65.42346314019098 0
1705514876017 65.3631240234375 0
