1706692932646 181.23826775173612 0
1706693065395 173.92039014756944 0
1706693196014 171.30466803385417 0
1706693324136 170.36391154513888 0
1706693452739 169.95936875 0
1706693580729 169.3716126953125 0
1706693710221 168.6129126519097 0
1706693842165 167.87853424479167 0
1706693974096 167.1251609375 0
1706694104011 165.1302552734375 0
1706694232883 164.4642621310764 0
1706694361544 164.06935232204862 0
1706694490991 163.73203700086805 0
1706694619525 163.4262569878472 0
1706694756850 163.12923428819445 0
