1706726269668 1491.1371897569445 0
1706726304817 1446.7512571180555 0
1706726339935 1432.3118989583334 0
1706726377174 1420.8538331597222 0
1706726414760 1412.7473284722223 0
1706726447866 1407.3817597222221 0
1706726482501 1402.7036631944445 0
1706726517317 1398.8834885416666 0
1706726551457 1395.5010809027779 0
1706726588177 1392.2431807291666 0
1706726622349 1390.0379670138889 0
1706726657053 1387.3893555555555 0
1706726691964 1384.740290451389 0
1706726726050 1382.2725128472223 0
1706726763379 1381.1521673611112 0
