1706684793197 181.38534303385416 0
1706684921421 176.61416881510416 0
1706685049793 175.32748927951388 0
1706685179126 173.70713602430556 0
1706685307585 172.2915396484375 0
1706685435336 171.0713687065972 0
1706685563441 169.93629939236112 0
1706685691394 169.2837541232639 0
1706685821193 169.07228585069444 0
1706685951701 168.80868856336807 0
1706686081346 168.6977187282986 0
1706686212545 168.6355935546875 0
1706686342322 167.94550616319444 0
1706686473283 167.33580373263888 0
1706686604731 166.998259375 0
