1705515764662 72.37756420355903 0
1705515789579 70.82036498480903 0
1705515816129 70.05188914930555 0
1705515840351 69.63948442925347 0
1705515863788 69.25108209635417 0
1705515887890 68.912188671875 0
1705515911027 68.63095238715277 0
1705515934275 67.87415827907986 0
1705515957613 67.13601526692709 0
1705515981767 66.89234175347222 0
1705516007128 66.72557781032987 0
1705516034105 66.55191743706597 0
1705516061518 66.40766689453125 0
1705516088853 66.31758555772569 0
1705516117588 66.2061638563368 0
