1705511973431 1491.4142760416667 0
1705512003064 1441.3722871527777 0
1705512031349 1427.6168604166667 0
1705512060230 1420.8099616319444 0
1705512089290 1413.541467013889 0
1705512120355 1411.5595114583334 0
1705512150382 1406.1915244791667 0
1705512178631 1400.4007458333333 0
1705512208112 1394.7649416666666 0
1705512236834 1390.690934375 0
1705512266670 1386.09970859375 0
1705512296785 1382.1912972222221 0
1705512327260 1379.7582891493055 0
1705512355739 1377.5903299479166 0
1705512387067 1374.3141063368055 0
