1705511073849 1511.3888899305555 0
1705511101870 1484.6776979166666 0
1705511132526 1464.3313473958333 0
1705511164151 1440.9778935763889 0
1705511198636 1432.0118487847221 0
1705511230928 1425.3833685763889 0
1705511261705 1420.5531855902777 0
1705511290831 1416.1803210069445 0
1705511320531 1412.3881489583334 0
1705511350722 1409.4753694444444 0
1705511381970 1404.4174496527778 0
1705511411841 1401.150201388889 0
1705511441904 1398.1676890625 0
1705511471386 1395.6029696180556 0
1705511499773 1394.8633824652777 0
