1706686815123 180.39257305772568 0
1706686947877 177.0723291015625 0
1706687080386 175.44372847222223 0
1706687214467 174.50782583550347 0
1706687347338 173.6550566514757 0
1706687479902 173.36066223958332 0
1706687613865 172.72118543836805 0
1706687745876 172.0694492078993 0
1706687877524 171.85408148871528 0
1706688009716 171.52323912760417 0
1706688142503 171.16056606987848 0
1706688274025 170.8302894639757 0
1706688406985 170.37672132161458 0
1706688539381 169.8830050564236 0
1706688672742 169.63831047092015 0
