1705514919109 72.29415483940973 0
1705514943867 70.61529671223958 0
1705514969564 69.6272562391493 0
1705514994122 69.00852592230903 0
1705515020755 68.05498069661458 0
1705515045953 67.47255576171875 0
1705515071357 67.21568488498264 0
1705515097704 67.00963680555556 0
1705515122965 66.84408645833334 0
1705515149125 66.67709168836805 0
1705515174927 66.55539780815973 0
1705515200708 66.4105697374132 0
1705515227221 66.30390853949653 0
1705515254239 66.20860812717014 0
1705515280116 66.03274535590278 0
