1706377191986 70.23865703667535 0
1706377218729 67.8955871202257 0
1706377246620 67.2103053656684 0
1706377273853 66.81899301215277 0
1706377300296 66.52685645073785 0
1706377327281 66.28958385416666 0
1706377354042 66.01517446289063 0
1706377381600 66.33634969075521 0
1706377410340 65.72355384114583 0
1706377439815 65.48380788845486 0
1706377469930 65.33723455403646 0
1706377501636 65.1711440483941 0
1706377532829 65.08156797417534 0
1706377564022 64.95495241427952 0
1706377594617 64.95171408962673 0
