1705511542050 1527.1377211805554 0
1705511569192 1492.6095836805555 0
1705511594293 1480.6401024305555 0
1705511619268 1470.3849270833334 0
1705511644745 1453.28304375 0
1705511673585 1437.5810850694445 0
1705511703623 1430.5931725694445 0
1705511729591 1425.5076618055555 0
1705511755256 1421.2527770833333 0
1705511781362 1417.7824541666666 0
1705511807990 1414.7784739583333 0
1705511833545 1411.1114458333334 0
1705511858315 1406.2284506944445 0
1705511892966 1403.5306142361112 0
1705511922486 1400.3691885416667 0
