1705516646652 71.26241222873264 0
1705516671840 68.67698563368056 0
1705516700015 67.69446395399305 0
1705516732794 67.12695941840278 0
1705516759195 66.7290831814236 0
1705516784809 66.45163842230903 0
1705516808866 66.19764997829861 0
1705516833375 65.9984810329861 0
1705516857525 65.7987880642361 0
1705516882390 65.65715591362847 0
1705516913436 65.5405865342882 0
1705516944411 65.38448860677083 0
1705516976767 65.21532183159722 0
1705517007006 65.12972319878472 0
1705517035032 65.05975461154515 0
