1705515323155 70.43864831271702 0
1705515352378 68.03017476128473 0
1705515380894 67.18655681423611 0
1705515408359 66.69171313476562 0
1705515437405 66.41308484700521 0
1705515465456 66.12420163845486 0
1705515493422 65.89856599392361 0
1705515524326 65.79825651041666 0
1705515552951 65.54786136067709 0
1705515582430 65.40284877387153 0
1705515611696 65.23763596462673 0
1705515640351 65.09306901584202 0
1705515668491 65.06184431423611 0
1705515697046 64.88152970377604 0
1705515724442 64.79882263454861 0
