1706688878955 181.04194212239582 0
1706689010098 174.30300128038195 0
1706689139876 172.1789908203125 0
1706689268921 171.05003430989584 0
1706689397104 169.78067083333335 0
1706689525277 169.0733798394097 0
1706689653380 168.7461961154514 0
1706689780363 167.84206223958333 0
1706689908277 166.64793394097222 0
1706690035996 166.35809029947916 0
1706690163979 165.9453640190972 0
1706690291573 165.58376254340277 0
1706690419594 165.25024622395833 0
1706690547506 165.0526279296875 0
1706690675506 164.79730481770832 0
