1706005895382 181.655814453125 0
1706006029616 176.72607335069443 0
1706006164914 174.00233893229168 0
1706006299465 172.813991796875 0
1706006432807 171.96604407552084 0
1706006566499 169.32004635416666 0
1706006700639 167.56008559027777 0
1706006834167 166.84351195746527 0
1706006968535 165.99595091145832 0
1706007102011 164.6964117621528 0
1706007235562 164.30925707465278 0
1706007369268 163.99272087673612 0
1706007503120 163.87209136284721 0
1706007637314 163.64980579427083 0
1706007772019 163.37582376302083 0
1706007905457 163.1292603298611 0
1706008039283 162.8954429904514 0
1706008172597 162.53495186631943 0
1706008305957 162.06761458333332 0
1706008439399 161.8580089409722 0
1706008572855 161.57872352430556 0
1706008706383 161.27151842447915 0
1706008839886 161.06366440972224 0
1706008972752 160.91634155815973 0
1706009106850 160.66831597222222 0
1706009240301 160.40507469618055 0
1706009373766 160.1723040798611 0
1706009507129 159.76371354166668 0
1706009640435 159.57692916666667 0
1706009773651 159.2737450954861 0
