1706682767781 180.47657237413193 0
1706682897130 174.8314029188368 0
1706683027294 171.55104537760417 0
1706683157681 170.13678213975695 0
1706683287929 169.4161148220486 0
1706683418099 168.40545771484375 0
1706683547781 167.9123784939236 0
1706683676446 167.5995255967882 0
1706683805151 167.3014083984375 0
1706683935064 167.02790541449653 0
1706684065189 166.6444960611979 0
1706684195028 165.9230746310764 0
1706684325564 165.09959973958334 0
1706684455660 164.04488429904515 0
1706684585030 163.51816244574653 0
