1705516161261 70.4541444390191 0
1705516189330 67.90581361762153 0
1705516218126 67.09022185872396 0
1705516249327 66.64288442925347 0
1705516277990 66.32134214409722 0
1705516307612 66.06320698784722 0
1705516343022 65.85816266818577 0
1705516376703 65.6767900390625 0
1705516404925 65.46291149631077 0
1705516433285 65.32175934244792 0
1705516461684 65.17314079861112 0
1705516490193 65.05256708984375 0
1705516525748 64.97550327148437 0
1705516560910 64.9345369140625 0
1705516596684 64.8355425564236 0
