1705512433687 1518.86048125 0
1705512457746 1464.4409739583334 0
1705512481359 1441.1683364583334 0
1705512507627 1430.6624736111112 0
1705512536121 1424.192757638889 0
1705512563206 1418.8620722222222 0
1705512588862 1413.58630625 0
1705512613170 1408.5643958333333 0
1705512639774 1403.6862315972223 0
1705512665657 1399.0897663194444 0
1705512691784 1395.3116614583334 0
1705512717446 1392.4417913194445 0
1705512741925 1389.1397277777778 0
1705512765491 1386.494221875 0
1705512790302 1384.0403694444444 0
