1705513309875 1510.0332965277778 0
1705513336943 1459.8687489583333 0
1705513364150 1448.1265663194445 0
1705513396331 1441.8216947916667 0
1705513423294 1435.0073760416667 0
1705513451257 1429.892265625 0
1705513479285 1425.1632829861112 0
1705513505757 1420.2389385416666 0
1705513530758 1416.3379847222222 0
1705513557682 1412.8548729166666 0
1705513583462 1409.8119024305556 0
1705513608254 1406.893642361111 0
1705513633740 1403.2624947916668 0
1705513659599 1399.6217125 0
1705513685271 1396.6426510416666 0
