1705490446596 410.4285698350694 0
1705490477978 406.703606640625 0
1705490510978 405.95542376302086 0
1705490543898 405.2666149956597 0
1705490576455 404.2360256293403 0
1705490608506 403.05375709635416 0
1705490642255 402.01699010416667 0
1705490674344 401.04379887152777 0
1705490708662 399.9741928819444 0
1705490738653 398.98362643229166 0
1705490769540 398.14398036024306 0
1705490802683 397.30014268663194 0
1705490835373 396.46057330729167 0
1705490867753 395.7376542317708 0
1705490899267 395.17112037760415 0
1705490930086 394.73318092447914 0
1705490960914 394.3640437717014 0
1705490993774 394.04989717881944 0
1705491025187 393.76523880208333 0
1705491056970 393.5099748046875 0
1705491089183 393.278493359375 0
1705491120446 393.03693893229166 0
1705491153044 392.81372395833336 0
1705491187538 392.6064392795139 0
1705491220964 392.39181529947916 0
1705491252754 392.18791953125 0
1705491284510 392.0259699435764 0
1705491319046 391.865932421875 0
1705491353058 391.680519921875 0
1705491386893 391.558990625 0
1705491420279 391.3972138671875 0
1705491455286 391.2483403645833 0
1705491487114 391.1307659071181 0
1705491518652 390.9899171657986 0
1705491551017 390.86775418836805 0
1705491582487 390.7432801649306 0
1705491613566 390.594746484375 0
1705491645256 390.45344008246525 0
1705491678507 390.30853337673614 0
1705491713944 390.13686438802085 0
