1706690881646 179.16481687282987 0
1706691013016 174.8397343967014 0
1706691143813 174.01898776041668 0
1706691274522 173.51026735026042 0
1706691405325 172.86287827690973 0
1706691537766 172.43013780381943 0
1706691669586 171.82255398220485 0
1706691802852 171.85666333550347 0
1706691936696 171.42164130859376 0
1706692070004 171.2415741753472 0
1706692203725 170.73280498046876 0
1706692338267 170.54729340277777 0
1706692468808 170.43711001519097 0
1706692600030 170.2692314887153 0
1706692731635 170.25262610677083 0
