1706378580781 1496.3993508680555 0
1706378606813 1445.2933670138889 0
1706378633107 1432.4030223958334 0
1706378659544 1424.816107986111 0
1706378686975 1417.7395819444444 0
1706378714505 1410.6793793402778 0
1706378745358 1404.4776553819445 0
1706378774678 1399.4137053819445 0
1706378802847 1395.0519387152779 0
1706378832107 1391.3998930555556 0
1706378863479 1388.4125178819445 0
1706378892703 1384.95297421875 0
1706378924078 1382.4894120659721 0
1706378955355 1379.820042361111 0
1706378985081 1378.041390625 0
